0.030317 0.038117 0.344934
0.030354 0.038332 0.357885
0.030354 0.038795 0.358347
0.030354 0.039257 0.358810
0.030393 0.038029 0.346261
0.030429 0.039194 0.360163
0.030470 0.037943 0.347590
0.030504 0.039134 0.361517
0.030504 0.039598 0.361982
0.030547 0.037860 0.348921
0.030564 0.036359 0.336099
0.030564 0.036805 0.336546
0.030564 0.037252 0.336993
0.030564 0.037698 0.337440
0.030579 0.039541 0.363340
0.030579 0.040007 0.363806
0.030624 0.037778 0.350255
0.030624 0.038235 0.350712
0.030642 0.034464 0.335617
0.030642 0.034911 0.336065
0.030642 0.035359 0.336513
0.030642 0.037596 0.338753
0.030642 0.038044 0.339201
0.030654 0.039953 0.365168
0.030654 0.040420 0.365635
0.030700 0.038157 0.352050
0.030721 0.033010 0.335577
0.030721 0.033459 0.336026
0.030721 0.037945 0.340517
0.030729 0.040370 0.367000
0.030729 0.040838 0.367469
0.030777 0.038082 0.353389
0.030777 0.038541 0.353849
0.030799 0.031553 0.335532
0.030799 0.032002 0.335983
0.030799 0.037849 0.341836
0.030799 0.038299 0.342287
0.030854 0.038469 0.355192
0.030877 0.030090 0.335483
0.030877 0.030541 0.335935
0.030877 0.038207 0.343609
0.030931 0.038399 0.356537
0.030956 0.038117 0.344934
0.031007 0.038332 0.357885
0.031007 0.038795 0.358347
0.031034 0.038029 0.346261
0.031084 0.038731 0.359698
0.031084 0.039194 0.360163
0.031113 0.037943 0.347590
0.031161 0.039134 0.361517
0.031161 0.039598 0.361982
0.031191 0.037860 0.348921
0.031191 0.038315 0.349377
0.031195 0.036359 0.336099
0.031195 0.036805 0.336546
0.031195 0.037252 0.336993
0.031195 0.037698 0.337440
0.031238 0.039541 0.363340
0.031238 0.040007 0.363806
0.031269 0.038235 0.350712
0.031275 0.034464 0.335617
0.031275 0.034911 0.336065
0.031275 0.035359 0.336513
0.031275 0.037596 0.338753
0.031275 0.038044 0.339201
0.031314 0.039953 0.365168
0.031314 0.040420 0.365635
0.031348 0.038157 0.352050
0.031355 0.033010 0.335577
0.031355 0.033459 0.336026
0.031355 0.037945 0.340517
0.031391 0.040370 0.367000
0.031391 0.040838 0.367469
0.031426 0.038082 0.353389
0.031435 0.031553 0.335532
0.031435 0.032002 0.335983
0.031435 0.037849 0.341836
0.031435 0.038299 0.342287
0.031504 0.038009 0.354731
0.031504 0.038469 0.355192
0.031515 0.030090 0.335483
0.031515 0.030541 0.335935
0.031515 0.038207 0.343609
0.031583 0.038399 0.356537
0.031595 0.038117 0.344934
0.031661 0.038332 0.357885
0.031661 0.038795 0.358347
0.031675 0.038029 0.346261
0.031740 0.038731 0.359698
0.031740 0.039194 0.360163
0.031755 0.037943 0.347590
0.031755 0.038397 0.348045
0.031818 0.039134 0.361517
0.031818 0.039598 0.361982
0.031818 0.040063 0.362447
0.031826 0.036359 0.336099
0.031826 0.036805 0.336546
0.031826 0.037252 0.336993
0.031826 0.037698 0.337440
0.031835 0.038315 0.349377
0.031896 0.040007 0.363806
0.031896 0.040473 0.364273
0.031908 0.034464 0.335617
0.031908 0.034911 0.336065
0.031908 0.035359 0.336513
0.031908 0.037596 0.338753
0.031908 0.038044 0.339201
0.031915 0.038235 0.350712
0.031975 0.040420 0.365635
0.031989 0.033010 0.335577
0.031989 0.033459 0.336026
0.031989 0.037945 0.340517
0.031995 0.038157 0.352050
0.031995 0.038615 0.352508
0.032071 0.031553 0.335532
0.032071 0.032002 0.335983
0.032071 0.037849 0.341836
0.032071 0.038299 0.342287
0.032075 0.038541 0.353849
0.032153 0.030090 0.335483
0.032153 0.030541 0.335935
0.032153 0.038207 0.343609
0.032153 0.038658 0.344060
0.032155 0.038469 0.355192
0.032235 0.038399 0.356537
0.032315 0.038332 0.357885
0.032315 0.038795 0.358347
0.032316 0.038029 0.346261
0.032395 0.038731 0.359698
0.032395 0.039194 0.360163
0.032395 0.039658 0.360627
0.032397 0.037943 0.347590
0.032397 0.038397 0.348045
0.032457 0.036359 0.336099
0.032457 0.036805 0.336546
0.032457 0.037252 0.336993
0.032457 0.037698 0.337440
0.032475 0.039598 0.361982
0.032475 0.040063 0.362447
0.032479 0.038315 0.349377
0.032540 0.034464 0.335617
0.032540 0.034911 0.336065
0.032540 0.035359 0.336513
0.032540 0.037596 0.338753
0.032540 0.038044 0.339201
0.032540 0.038491 0.339649
0.032555 0.040007 0.363806
0.032555 0.040473 0.364273
0.032561 0.038235 0.350712
0.032624 0.033010 0.335577
0.032624 0.033459 0.336026
0.032624 0.038394 0.340967
0.032642 0.038157 0.352050
0.032642 0.038615 0.352508
0.032707 0.031553 0.335532
0.032707 0.032002 0.335983
0.032707 0.038299 0.342287
0.032724 0.038541 0.353849
0.032790 0.030090 0.335483
0.032790 0.030541 0.335935
0.032790 0.038207 0.343609
0.032790 0.038658 0.344060
0.032805 0.038469 0.355192
0.032887 0.038399 0.356537
0.032957 0.038029 0.346261
0.032957 0.038482 0.346714
0.032969 0.038332 0.357885
0.032969 0.038795 0.358347
0.032969 0.039257 0.358810
0.033040 0.038397 0.348045
0.033050 0.039194 0.360163
0.033050 0.039658 0.360627
0.033088 0.036359 0.336099
0.033088 0.036805 0.336546
0.033088 0.037252 0.336993
0.033088 0.037698 0.337440
0.033088 0.038144 0.337886
0.033123 0.038315 0.349377
0.033132 0.039598 0.361982
0.033132 0.040063 0.362447
0.033132 0.040528 0.362912
0.033173 0.034911 0.336065
0.033173 0.035359 0.336513
0.033173 0.038044 0.339201
0.033173 0.038491 0.339649
0.033206 0.038235 0.350712
0.033258 0.033010 0.335577
0.033258 0.033459 0.336026
0.033258 0.033908 0.336475
0.033258 0.038394 0.340967
0.033289 0.038157 0.352050
0.033289 0.038615 0.352508
0.033343 0.031553 0.335532
0.033343 0.032002 0.335983
0.033343 0.038299 0.342287
0.033343 0.038749 0.342737
0.033373 0.038541 0.353849
0.033428 0.030090 0.335483
0.033428 0.030541 0.335935
0.033428 0.038658 0.344060
0.033456 0.038469 0.355192
0.033512 0.038569 0.345386
0.033597 0.038482 0.346714
0.033622 0.038332 0.357885
0.033622 0.038795 0.358347
0.033622 0.039257 0.358810
0.033682 0.038397 0.348045
0.033706 0.039194 0.360163
0.033706 0.039658 0.360627
0.033719 0.036359 0.336099
0.033719 0.036805 0.336546
0.033719 0.037252 0.336993
0.033719 0.037698 0.337440
0.033719 0.038144 0.337886
0.033719 0.038591 0.338333
0.033767 0.038315 0.349377
0.033767 0.038771 0.349833
0.033789 0.039598 0.361982
0.033789 0.040063 0.362447
0.033789 0.040528 0.362912
0.033806 0.034911 0.336065
0.033806 0.035359 0.336513
0.033806 0.038491 0.339649
0.033806 0.038939 0.340097
0.033892 0.033459 0.336026
0.033892 0.033908 0.336475
0.033892 0.038843 0.341416
0.033979 0.031553 0.335532
0.033979 0.032002 0.335983
0.033979 0.032452 0.336433
0.033979 0.038749 0.342737
0.033979 0.039199 0.343187
0.034065 0.030090 0.335483
0.034065 0.030541 0.335935
0.034152 0.038569 0.345386
0.034152 0.039021 0.345839
0.034325 0.038397 0.348045
0.034350 0.036359 0.336099
0.034350 0.036805 0.336546
0.034350 0.037252 0.336993
0.034350 0.037698 0.337440
0.034350 0.038144 0.337886
0.034350 0.038591 0.338333
0.034411 0.038315 0.349377
0.034411 0.038771 0.349833
0.034438 0.034911 0.336065
0.034438 0.035359 0.336513
0.034438 0.038491 0.339649
0.034438 0.038939 0.340097
0.034527 0.033459 0.336026
0.034527 0.033908 0.336475
0.034527 0.038843 0.341416
0.034615 0.031553 0.335532
0.034615 0.032002 0.335983
0.034615 0.032452 0.336433
0.034615 0.038749 0.342737
0.034615 0.039199 0.343187
0.034703 0.030090 0.335483
0.034703 0.030541 0.335935
0.034703 0.039109 0.344512
0.034791 0.039021 0.345839
0.034967 0.038397 0.348045
0.034981 0.036359 0.336099
0.034981 0.036805 0.336546
0.034981 0.037252 0.336993
0.034981 0.037698 0.337440
0.034981 0.038144 0.337886
0.034981 0.038591 0.338333
0.034981 0.039037 0.338780
0.035071 0.034911 0.336065
0.035071 0.035359 0.336513
0.035071 0.038939 0.340097
0.035161 0.033459 0.336026
0.035161 0.033908 0.336475
0.035161 0.038843 0.341416
0.035161 0.039291 0.341865
0.035251 0.032002 0.335983
0.035251 0.032452 0.336433
0.035251 0.039199 0.343187
0.035340 0.030090 0.335483
0.035340 0.030541 0.335935
0.035340 0.030992 0.336386
0.035340 0.039109 0.344512
0.035340 0.039559 0.344963
0.035612 0.036359 0.336099
0.035612 0.036805 0.336546
0.035612 0.037252 0.336993
0.035612 0.037698 0.337440
0.035612 0.038144 0.337886
0.035612 0.038591 0.338333
0.035612 0.039037 0.338780
0.035704 0.034911 0.336065
0.035704 0.035359 0.336513
0.035704 0.038939 0.340097
0.035704 0.039386 0.340545
0.035795 0.033459 0.336026
0.035795 0.033908 0.336475
0.035795 0.039291 0.341865
0.035795 0.039740 0.342314
0.035886 0.032002 0.335983
0.035886 0.032452 0.336433
0.035886 0.039649 0.343637
0.035886 0.040098 0.344088
0.035886 0.040548 0.344538
0.035978 0.030541 0.335935
0.035978 0.030992 0.336386
0.036151 0.038692 0.337020
0.036151 0.039137 0.337466
0.036244 0.036359 0.336099
0.036244 0.036805 0.336546
0.036244 0.037252 0.336993
0.036244 0.037698 0.337440
0.036244 0.039037 0.338780
0.036244 0.039483 0.339227
0.036336 0.034911 0.336065
0.036336 0.035359 0.336513
0.036336 0.039386 0.340545
0.036336 0.039834 0.340993
0.036429 0.033459 0.336026
0.036429 0.033908 0.336475
0.036429 0.039740 0.342314
0.036429 0.040189 0.342763
0.036429 0.040637 0.343212
0.036429 0.041086 0.343661
0.036522 0.032002 0.335983
0.036522 0.032452 0.336433
0.036615 0.030541 0.335935
0.036615 0.030992 0.336386
0.036780 0.038247 0.336574
0.036780 0.038692 0.337020
0.036780 0.039137 0.337466
0.036780 0.039583 0.337911
0.036780 0.040028 0.338357
0.036780 0.043589 0.341923
0.036875 0.036805 0.336546
0.036875 0.037252 0.336993
0.036875 0.039930 0.339674
0.036875 0.042608 0.342355
0.036969 0.034911 0.336065
0.036969 0.035359 0.336513
0.036969 0.035806 0.336961
0.036969 0.039834 0.340993
0.036969 0.040281 0.341441
0.036969 0.040729 0.341889
0.036969 0.041176 0.342337
0.037064 0.033459 0.336026
0.037064 0.033908 0.336475
0.037064 0.041086 0.343661
0.037158 0.032002 0.335983
0.037158 0.032452 0.336433
0.037253 0.030541 0.335935
0.037253 0.030992 0.336386
0.037410 0.038247 0.336574
0.037410 0.038692 0.337020
0.037410 0.039137 0.337466
0.037410 0.039583 0.337911
0.037410 0.040028 0.338357
0.037410 0.040473 0.338803
0.037410 0.042699 0.341031
0.037410 0.043144 0.341477
0.037506 0.036805 0.336546
0.037506 0.037252 0.336993
0.037506 0.040376 0.340121
0.037506 0.040822 0.340567
0.037506 0.041269 0.341014
0.037506 0.041715 0.341461
0.037602 0.035359 0.336513
0.037602 0.035806 0.336961
0.037698 0.033908 0.336475
0.037698 0.034356 0.336924
0.037794 0.032002 0.335983
0.037794 0.032452 0.336433
0.037794 0.032902 0.336883
0.037890 0.030992 0.336386
0.037941 0.043237 0.340155
0.037941 0.043681 0.340599
0.038039 0.038247 0.336574
0.038039 0.038692 0.337020
0.038039 0.039137 0.337466
0.038039 0.039583 0.337911
0.038039 0.040028 0.338357
0.038039 0.040473 0.338803
0.038039 0.040918 0.339248
0.038039 0.041809 0.340140
0.038137 0.036805 0.336546
0.038137 0.037252 0.336993
0.038137 0.040822 0.340567
0.038137 0.041715 0.341461
0.038235 0.035359 0.336513
0.038235 0.035806 0.336961
0.038332 0.033908 0.336475
0.038332 0.034356 0.336924
0.038430 0.032452 0.336433
0.038430 0.032902 0.336883
0.038528 0.030992 0.336386
0.038528 0.031443 0.336838
0.038569 0.040572 0.337487
0.038569 0.042349 0.339265
0.038569 0.042793 0.339710
0.038569 0.043237 0.340155
0.038668 0.038692 0.337020
0.038668 0.039137 0.337466
0.038668 0.039583 0.337911
0.038668 0.040473 0.338803
0.038668 0.040918 0.339248
0.038668 0.041363 0.339694
0.038768 0.036805 0.336546
0.038768 0.037252 0.336993
0.038768 0.037698 0.337440
0.038867 0.035359 0.336513
0.038867 0.035806 0.336961
0.038967 0.033908 0.336475
0.038967 0.034356 0.336924
0.039066 0.032452 0.336433
0.039066 0.032902 0.336883
0.039096 0.043332 0.338834
0.039096 0.043774 0.339278
0.039165 0.030992 0.336386
0.039165 0.031443 0.336838
0.039197 0.040128 0.337043
0.039197 0.040572 0.337487
0.039197 0.041016 0.337932
0.039197 0.041460 0.338376
0.039197 0.041905 0.338821
0.039197 0.042349 0.339265
0.039298 0.038692 0.337020
0.039298 0.039137 0.337466
0.039399 0.037252 0.336993
0.039399 0.037698 0.337440
0.039500 0.035806 0.336961
0.039500 0.036254 0.337409
0.039601 0.033908 0.336475
0.039601 0.034356 0.336924
0.039601 0.034805 0.337373
0.039702 0.032452 0.336433
0.039702 0.032902 0.336883
0.039722 0.043332 0.338834
0.039803 0.030992 0.336386
0.039803 0.031443 0.336838
0.039825 0.040128 0.337043
0.039825 0.040572 0.337487
0.039825 0.041016 0.337932
0.039825 0.041460 0.338376
0.039825 0.041905 0.338821
0.039825 0.042349 0.339265
0.039927 0.038692 0.337020
0.039927 0.039137 0.337466
0.040030 0.037252 0.336993
0.040030 0.037698 0.337440
0.040133 0.035806 0.336961
0.040133 0.036254 0.337409
0.040235 0.034356 0.336924
0.040235 0.034805 0.337373
0.040244 0.043870 0.337959
0.040338 0.032452 0.336433
0.040338 0.032902 0.336883
0.040338 0.033352 0.337334
0.040348 0.042446 0.337948
0.040348 0.042889 0.338391
0.040440 0.030992 0.336386
0.040440 0.031443 0.336838
0.040452 0.040128 0.337043
0.040452 0.040572 0.337487
0.040452 0.041016 0.337932
0.040452 0.041460 0.338376
0.040557 0.038692 0.337020
0.040557 0.039137 0.337466
0.040661 0.037252 0.336993
0.040661 0.037698 0.337440
0.040765 0.035806 0.336961
0.040765 0.036254 0.337409
0.040869 0.043870 0.337959
0.040870 0.034356 0.336924
0.040870 0.034805 0.337373
0.040974 0.032452 0.336433
0.040974 0.032902 0.336883
0.040974 0.033352 0.337334
0.040974 0.041560 0.337061
0.040974 0.042003 0.337504
0.040974 0.042446 0.337948
0.040974 0.042889 0.338391
0.041078 0.030992 0.336386
0.041078 0.031443 0.336838
0.041080 0.040128 0.337043
0.041080 0.040572 0.337487
0.041186 0.038692 0.337020
0.041186 0.039137 0.337466
0.041292 0.037252 0.336993
0.041292 0.037698 0.337440
0.041398 0.035806 0.336961
0.041398 0.036254 0.337409
0.041493 0.043429 0.337517
0.041493 0.043870 0.337959
0.041504 0.034356 0.336924
0.041504 0.034805 0.337373
0.041601 0.041560 0.337061
0.041601 0.042003 0.337504
0.041601 0.042446 0.337948
0.041610 0.032002 0.335983
0.041610 0.032452 0.336433
0.041610 0.032902 0.336883
0.041610 0.033352 0.337334
0.041708 0.039684 0.336598
0.041708 0.040128 0.337043
0.041708 0.040572 0.337487
0.041716 0.030992 0.336386
0.041816 0.038692 0.337020
0.041923 0.037252 0.336993
0.041923 0.037698 0.337440
0.042031 0.035806 0.336961
0.042031 0.036254 0.337409
0.042118 0.043429 0.337517
0.042118 0.043870 0.337959
0.042138 0.033908 0.336475
0.042138 0.034356 0.336924
0.042138 0.034805 0.337373
0.042227 0.041560 0.337061
0.042227 0.042003 0.337504
0.042227 0.042446 0.337948
0.042246 0.032002 0.335983
0.042246 0.032452 0.336433
0.042246 0.032902 0.336883
0.042336 0.039684 0.336598
0.042336 0.040128 0.337043
0.042336 0.040572 0.337487
0.042353 0.030541 0.335935
0.042353 0.030992 0.336386
0.042445 0.038247 0.336574
0.042445 0.038692 0.337020
0.042554 0.036805 0.336546
0.042554 0.037252 0.336993
0.042663 0.035359 0.336513
0.042663 0.035806 0.336961
0.042742 0.043429 0.337517
0.042742 0.043870 0.337959
0.042772 0.033459 0.336026
0.042772 0.033908 0.336475
0.042772 0.034356 0.336924
0.042853 0.041560 0.337061
0.042853 0.042003 0.337504
0.042853 0.042446 0.337948
0.042882 0.032002 0.335983
0.042882 0.032452 0.336433
0.042964 0.039684 0.336598
0.042964 0.040128 0.337043
0.042964 0.040572 0.337487
0.042991 0.030541 0.335935
0.042991 0.030992 0.336386
0.043075 0.038247 0.336574
0.043075 0.038692 0.337020
0.043185 0.036805 0.336546
0.043185 0.037252 0.336993
0.043296 0.035359 0.336513
0.043296 0.035806 0.336961
0.043367 0.042987 0.337074
0.043367 0.043429 0.337517
0.043367 0.043870 0.337959
0.043407 0.033459 0.336026
0.043407 0.033908 0.336475
0.043407 0.034356 0.336924
0.043479 0.041560 0.337061
0.043479 0.042003 0.337504
0.043517 0.031553 0.335532
0.043517 0.032002 0.335983
0.043517 0.032452 0.336433
0.043592 0.039684 0.336598
0.043592 0.040128 0.337043
0.043592 0.040572 0.337487
0.043628 0.030541 0.335935
0.043704 0.038247 0.336574
0.043704 0.038692 0.337020
0.043816 0.036805 0.336546
0.043816 0.037252 0.336993
0.043929 0.034911 0.336065
0.043929 0.035359 0.336513
0.043929 0.035806 0.336961
0.043991 0.042987 0.337074
0.043991 0.043429 0.337517
0.044041 0.033459 0.336026
0.044041 0.033908 0.336475
0.044105 0.041560 0.337061
0.044105 0.042003 0.337504
0.044153 0.031553 0.335532
0.044153 0.032002 0.335983
0.044153 0.032452 0.336433
0.044219 0.039684 0.336598
0.044219 0.040128 0.337043
0.044219 0.040572 0.337487
0.044266 0.030541 0.335935
0.044333 0.038247 0.336574
0.044333 0.038692 0.337020
0.044447 0.036359 0.336099
0.044447 0.036805 0.336546
0.044447 0.037252 0.336993
0.044561 0.034911 0.336065
0.044561 0.035359 0.336513
0.044616 0.042987 0.337074
0.044616 0.043429 0.337517
0.044675 0.033010 0.335577
0.044675 0.033459 0.336026
0.044675 0.033908 0.336475
0.044732 0.041117 0.336617
0.044732 0.041560 0.337061
0.044732 0.042003 0.337504
0.044789 0.031553 0.335532
0.044789 0.032002 0.335983
0.044847 0.039684 0.336598
0.044847 0.040128 0.337043
0.044903 0.030090 0.335483
0.044903 0.030541 0.335935
0.044963 0.038247 0.336574
0.044963 0.038692 0.337020
0.045078 0.036359 0.336099
0.045078 0.036805 0.336546
0.045078 0.037252 0.336993
0.045194 0.034911 0.336065
0.045194 0.035359 0.336513
0.045241 0.042987 0.337074
0.045241 0.043429 0.337517
0.045310 0.033010 0.335577
0.045310 0.033459 0.336026
0.045310 0.033908 0.336475
0.045358 0.041117 0.336617
0.045358 0.041560 0.337061
0.045358 0.042003 0.337504
0.045425 0.031553 0.335532
0.045425 0.032002 0.335983
0.045475 0.039684 0.336598
0.045475 0.040128 0.337043
0.045541 0.030090 0.335483
0.045541 0.030541 0.335935
0.045592 0.038247 0.336574
0.045592 0.038692 0.337020
0.045709 0.036359 0.336099
0.045709 0.036805 0.336546
0.045709 0.037252 0.336993
0.045827 0.034911 0.336065
0.045827 0.035359 0.336513
0.045865 0.042545 0.336632
0.045865 0.042987 0.337074
0.045865 0.043429 0.337517
0.045944 0.033459 0.336026
0.045944 0.033908 0.336475
0.045984 0.041117 0.336617
0.045984 0.041560 0.337061
0.046061 0.031553 0.335532
0.046061 0.032002 0.335983
0.046061 0.032452 0.336433
0.046103 0.039240 0.336154
0.046103 0.039684 0.336598
0.046103 0.040128 0.337043
0.046178 0.030090 0.335483
0.046178 0.030541 0.335935
0.046222 0.037802 0.336129
0.046222 0.038247 0.336574
0.046341 0.036359 0.336099
0.046341 0.036805 0.336546
0.046459 0.034911 0.336065
0.046459 0.035359 0.336513
0.046490 0.042545 0.336632
0.046490 0.042987 0.337074
0.046490 0.043429 0.337517
0.046578 0.033010 0.335577
0.046578 0.033459 0.336026
0.046578 0.033908 0.336475
0.046610 0.041117 0.336617
0.046610 0.041560 0.337061
0.046697 0.031553 0.335532
0.046697 0.032002 0.335983
0.046731 0.039240 0.336154
0.046731 0.039684 0.336598
0.046731 0.040128 0.337043
0.046816 0.030090 0.335483
0.046816 0.030541 0.335935
0.046851 0.037802 0.336129
0.046851 0.038247 0.336574
0.046972 0.036359 0.336099
0.046972 0.036805 0.336546
0.047092 0.034911 0.336065
0.047092 0.035359 0.336513
0.047114 0.042545 0.336632
0.047114 0.042987 0.337074
0.047114 0.043429 0.337517
0.047213 0.033010 0.335577
0.047213 0.033459 0.336026
0.047213 0.033908 0.336475
0.047237 0.041117 0.336617
0.047237 0.041560 0.337061
0.047333 0.031553 0.335532
0.047333 0.032002 0.335983
0.047359 0.039240 0.336154
0.047359 0.039684 0.336598
0.047359 0.040128 0.337043
0.047453 0.030090 0.335483
0.047453 0.030541 0.335935
0.047481 0.037802 0.336129
0.047481 0.038247 0.336574
0.047603 0.036359 0.336099
0.047603 0.036805 0.336546
0.047725 0.034911 0.336065
0.047725 0.035359 0.336513
0.047739 0.042545 0.336632
0.047739 0.042987 0.337074
0.047739 0.043429 0.337517
0.047847 0.033459 0.336026
0.047847 0.033908 0.336475
0.047863 0.041117 0.336617
0.047863 0.041560 0.337061
0.047969 0.031553 0.335532
0.047969 0.032002 0.335983
0.047969 0.032452 0.336433
0.047986 0.039240 0.336154
0.047986 0.039684 0.336598
0.047986 0.040128 0.337043
0.048091 0.030090 0.335483
0.048091 0.030541 0.335935
0.048110 0.037802 0.336129
0.048110 0.038247 0.336574
0.048234 0.036359 0.336099
0.048234 0.036805 0.336546
0.048357 0.034911 0.336065
0.048357 0.035359 0.336513
0.048364 0.042987 0.337074
0.048364 0.043429 0.337517
0.048481 0.033459 0.336026
0.048481 0.033908 0.336475
0.048489 0.041117 0.336617
0.048489 0.041560 0.337061
0.048489 0.042003 0.337504
0.048605 0.032002 0.335983
0.048605 0.032452 0.336433
0.048614 0.039240 0.336154
0.048614 0.039684 0.336598
0.048614 0.040128 0.337043
0.048728 0.030090 0.335483
0.048728 0.030541 0.335935
0.048728 0.030992 0.336386
0.048740 0.037802 0.336129
0.048740 0.038247 0.336574
0.048865 0.036359 0.336099
0.048865 0.036805 0.336546
0.048988 0.042987 0.337074
0.048988 0.043429 0.337517
0.048990 0.034911 0.336065
0.048990 0.035359 0.336513
0.049115 0.033459 0.336026
0.049115 0.033908 0.336475
0.049115 0.041117 0.336617
0.049115 0.041560 0.337061
0.049115 0.042003 0.337504
0.049241 0.032002 0.335983
0.049241 0.032452 0.336433
0.049242 0.039240 0.336154
0.049242 0.039684 0.336598
0.049242 0.040128 0.337043
0.049366 0.030541 0.335935
0.049366 0.030992 0.336386
0.049369 0.037802 0.336129
0.049369 0.038247 0.336574
0.049496 0.036359 0.336099
0.049496 0.036805 0.336546
0.049613 0.042987 0.337074
0.049613 0.043429 0.337517
0.049623 0.034911 0.336065
0.049623 0.035359 0.336513
0.049741 0.041117 0.336617
0.049741 0.041560 0.337061
0.049741 0.042003 0.337504
0.049750 0.033459 0.336026
0.049750 0.033908 0.336475
0.049870 0.039240 0.336154
0.049870 0.039684 0.336598
0.049870 0.040128 0.337043
0.049877 0.032002 0.335983
0.049877 0.032452 0.336433
0.049998 0.037802 0.336129
0.049998 0.038247 0.336574
0.050004 0.030541 0.335935
0.050004 0.030992 0.336386
0.050127 0.036359 0.336099
0.050127 0.036805 0.336546
0.050237 0.043429 0.337517
0.050237 0.043870 0.337959
0.050255 0.034911 0.336065
0.050255 0.035359 0.336513
0.050368 0.041117 0.336617
0.050368 0.041560 0.337061
0.050368 0.042003 0.337504
0.050368 0.042446 0.337948
0.050384 0.033459 0.336026
0.050384 0.033908 0.336475
0.050498 0.039240 0.336154
0.050498 0.039684 0.336598
0.050498 0.040128 0.337043
0.050513 0.032002 0.335983
0.050513 0.032452 0.336433
0.050628 0.037802 0.336129
0.050628 0.038247 0.336574
0.050641 0.030541 0.335935
0.050641 0.030992 0.336386
0.050758 0.036359 0.336099
0.050758 0.036805 0.336546
0.050862 0.043429 0.337517
0.050862 0.043870 0.337959
0.050888 0.034911 0.336065
0.050888 0.035359 0.336513
0.050994 0.041560 0.337061
0.050994 0.042003 0.337504
0.050994 0.042446 0.337948
0.051018 0.033459 0.336026
0.051018 0.033908 0.336475
0.051126 0.039240 0.336154
0.051126 0.039684 0.336598
0.051126 0.040128 0.337043
0.051126 0.040572 0.337487
0.051148 0.032002 0.335983
0.051148 0.032452 0.336433
0.051257 0.037802 0.336129
0.051257 0.038247 0.336574
0.051279 0.030541 0.335935
0.051279 0.030992 0.336386
0.051389 0.036359 0.336099
0.051389 0.036805 0.336546
0.051487 0.043429 0.337517
0.051487 0.043870 0.337959
0.051521 0.034911 0.336065
0.051521 0.035359 0.336513
0.051620 0.041560 0.337061
0.051620 0.042003 0.337504
0.051620 0.042446 0.337948
0.051653 0.033459 0.336026
0.051653 0.033908 0.336475
0.051753 0.039240 0.336154
0.051753 0.039684 0.336598
0.051753 0.040128 0.337043
0.051753 0.040572 0.337487
0.051784 0.032002 0.335983
0.051784 0.032452 0.336433
0.051887 0.037802 0.336129
0.051887 0.038247 0.336574
0.051916 0.030541 0.335935
0.051916 0.030992 0.336386
0.052020 0.036359 0.336099
0.052020 0.036805 0.336546
0.052111 0.043429 0.337517
0.052154 0.034911 0.336065
0.052154 0.035359 0.336513
0.052246 0.041560 0.337061
0.052246 0.042003 0.337504
0.052246 0.042446 0.337948
0.052287 0.033459 0.336026
0.052287 0.033908 0.336475
0.052381 0.039684 0.336598
0.052381 0.040128 0.337043
0.052381 0.040572 0.337487
0.052420 0.032002 0.335983
0.052420 0.032452 0.336433
0.052516 0.037802 0.336129
0.052516 0.038247 0.336574
0.052516 0.038692 0.337020
0.052554 0.030541 0.335935
0.052554 0.030992 0.336386
0.052651 0.036359 0.336099
0.052651 0.036805 0.336546
0.052736 0.043429 0.337517
0.052786 0.034911 0.336065
0.052786 0.035359 0.336513
0.052872 0.041560 0.337061
0.052872 0.042003 0.337504
0.052872 0.042446 0.337948
0.052921 0.033459 0.336026
0.052921 0.033908 0.336475
0.053009 0.039684 0.336598
0.053009 0.040128 0.337043
0.053009 0.040572 0.337487
0.053056 0.032002 0.335983
0.053056 0.032452 0.336433
0.053146 0.037802 0.336129
0.053146 0.038247 0.336574
0.053146 0.038692 0.337020
0.053191 0.030541 0.335935
0.053191 0.030992 0.336386
0.053282 0.036359 0.336099
0.053282 0.036805 0.336546
0.053360 0.043429 0.337517
0.053360 0.043870 0.337959
0.053419 0.034911 0.336065
0.053419 0.035359 0.336513
0.053499 0.041560 0.337061
0.053499 0.042003 0.337504
0.053499 0.042446 0.337948
0.053555 0.033459 0.336026
0.053555 0.033908 0.336475
0.053637 0.039684 0.336598
0.053637 0.040128 0.337043
0.053637 0.040572 0.337487
0.053692 0.032002 0.335983
0.053692 0.032452 0.336433
0.053775 0.037802 0.336129
0.053775 0.038247 0.336574
0.053775 0.038692 0.337020
0.053829 0.030541 0.335935
0.053829 0.030992 0.336386
0.053913 0.036359 0.336099
0.053913 0.036805 0.336546
0.053985 0.043429 0.337517
0.053985 0.043870 0.337959
0.054052 0.035359 0.336513
0.054125 0.041560 0.337061
0.054125 0.042003 0.337504
0.054125 0.042446 0.337948
0.054190 0.033459 0.336026
0.054190 0.033908 0.336475
0.054190 0.034356 0.336924
0.054265 0.039684 0.336598
0.054265 0.040128 0.337043
0.054265 0.040572 0.337487
0.054328 0.032002 0.335983
0.054328 0.032452 0.336433
0.054405 0.038247 0.336574
0.054405 0.038692 0.337020
0.054466 0.030090 0.335483
0.054466 0.030541 0.335935
0.054466 0.030992 0.336386
0.054544 0.036805 0.336546
0.054544 0.037252 0.336993
0.054610 0.043429 0.337517
0.054610 0.043870 0.337959
0.054684 0.035359 0.336513
0.054684 0.035806 0.336961
0.054751 0.041117 0.336617
0.054751 0.041560 0.337061
0.054751 0.042003 0.337504
0.054751 0.042446 0.337948
0.054824 0.033908 0.336475
0.054824 0.034356 0.336924
0.054892 0.039684 0.336598
0.054892 0.040128 0.337043
0.054964 0.032002 0.335983
0.054964 0.032452 0.336433
0.054964 0.032902 0.336883
0.055034 0.038247 0.336574
0.055034 0.038692 0.337020
0.055104 0.030090 0.335483
0.055104 0.030541 0.335935
0.055104 0.030992 0.336386
0.055175 0.036805 0.336546
0.055175 0.037252 0.336993
0.055234 0.042987 0.337074
0.055234 0.043429 0.337517
0.055317 0.035359 0.336513
0.055317 0.035806 0.336961
0.055377 0.041560 0.337061
0.055377 0.042003 0.337504
0.055458 0.033908 0.336475
0.055458 0.034356 0.336924
0.055520 0.039684 0.336598
0.055520 0.040128 0.337043
0.055520 0.040572 0.337487
0.055600 0.032002 0.335983
0.055600 0.032452 0.336433
0.055600 0.032902 0.336883
0.055663 0.038247 0.336574
0.055663 0.038692 0.337020
0.055741 0.030090 0.335483
0.055741 0.030541 0.335935
0.055741 0.030992 0.336386
0.055806 0.036805 0.336546
0.055806 0.037252 0.336993
0.055859 0.042987 0.337074
0.055859 0.043429 0.337517
0.055950 0.035359 0.336513
0.055950 0.035806 0.336961
0.056003 0.041560 0.337061
0.056003 0.042003 0.337504
0.056093 0.033908 0.336475
0.056093 0.034356 0.336924
0.056148 0.039684 0.336598
0.056148 0.040128 0.337043
0.056148 0.040572 0.337487
0.056236 0.032002 0.335983
0.056236 0.032452 0.336433
0.056236 0.032902 0.336883
0.056293 0.038247 0.336574
0.056293 0.038692 0.337020
0.056379 0.030090 0.335483
0.056379 0.030541 0.335935
0.056379 0.030992 0.336386
0.056438 0.036805 0.336546
0.056438 0.037252 0.336993
0.056483 0.042987 0.337074
0.056483 0.043429 0.337517
0.056582 0.035359 0.336513
0.056582 0.035806 0.336961
0.056630 0.041560 0.337061
0.056630 0.042003 0.337504
0.056727 0.033908 0.336475
0.056727 0.034356 0.336924
0.056776 0.039684 0.336598
0.056776 0.040128 0.337043
0.056776 0.040572 0.337487
0.056872 0.032002 0.335983
0.056872 0.032452 0.336433
0.056872 0.032902 0.336883
0.056922 0.038247 0.336574
0.056922 0.038692 0.337020
0.057016 0.030090 0.335483
0.057016 0.030541 0.335935
0.057016 0.030992 0.336386
0.057069 0.036805 0.336546
0.057069 0.037252 0.336993
0.057108 0.042987 0.337074
0.057108 0.043429 0.337517
0.057215 0.035359 0.336513
0.057215 0.035806 0.336961
0.057256 0.041560 0.337061
0.057256 0.042003 0.337504
0.057361 0.033908 0.336475
0.057361 0.034356 0.336924
0.057404 0.039684 0.336598
0.057404 0.040128 0.337043
0.057404 0.040572 0.337487
0.057508 0.032002 0.335983
0.057508 0.032452 0.336433
0.057508 0.032902 0.336883
0.057552 0.038247 0.336574
0.057552 0.038692 0.337020
0.057654 0.030090 0.335483
0.057654 0.030541 0.335935
0.057654 0.030992 0.336386
0.057700 0.036805 0.336546
0.057700 0.037252 0.336993
0.057732 0.042987 0.337074
0.057732 0.043429 0.337517
0.057848 0.035359 0.336513
0.057848 0.035806 0.336961
0.057882 0.041560 0.337061
0.057882 0.042003 0.337504
0.057996 0.033908 0.336475
0.057996 0.034356 0.336924
0.058032 0.039684 0.336598
0.058032 0.040128 0.337043
0.058032 0.040572 0.337487
0.058144 0.032452 0.336433
0.058144 0.032902 0.336883
0.058181 0.037802 0.336129
0.058181 0.038247 0.336574
0.058181 0.038692 0.337020
0.058291 0.030090 0.335483
0.058291 0.030541 0.335935
0.058291 0.030992 0.336386
0.058291 0.031443 0.336838
0.058331 0.036359 0.336099
0.058331 0.036805 0.336546
0.058357 0.042987 0.337074
0.058357 0.043429 0.337517
0.058480 0.035359 0.336513
0.058508 0.041560 0.337061
0.058508 0.042003 0.337504
0.058630 0.033908 0.336475
0.058630 0.034356 0.336924
0.058659 0.039240 0.336154
0.058659 0.039684 0.336598
0.058659 0.040128 0.337043
0.058659 0.040572 0.337487
0.058779 0.032452 0.336433
0.058779 0.032902 0.336883
0.058811 0.038247 0.336574
0.058929 0.030541 0.335935
0.058929 0.030992 0.336386
0.058929 0.031443 0.336838
0.058962 0.036359 0.336099
0.058962 0.036805 0.336546
0.058962 0.037252 0.336993
0.058982 0.042987 0.337074
0.058982 0.043429 0.337517
0.059113 0.034911 0.336065
0.059113 0.035359 0.336513
0.059134 0.041560 0.337061
0.059134 0.042003 0.337504
0.059264 0.033908 0.336475
0.059287 0.039240 0.336154
0.059287 0.039684 0.336598
0.059287 0.040128 0.337043
0.059287 0.040572 0.337487
0.059415 0.032452 0.336433
0.059415 0.032902 0.336883
0.059440 0.037802 0.336129
0.059440 0.038247 0.336574
0.059567 0.030541 0.335935
0.059567 0.030992 0.336386
0.059567 0.031443 0.336838
0.059593 0.036359 0.336099
0.059593 0.036805 0.336546
0.059606 0.042987 0.337074
0.059606 0.043429 0.337517
0.059746 0.034911 0.336065
0.059746 0.035359 0.336513
0.059761 0.041560 0.337061
0.059761 0.042003 0.337504
0.059898 0.033908 0.336475
0.059915 0.039240 0.336154
0.059915 0.039684 0.336598
0.059915 0.040128 0.337043
0.059915 0.040572 0.337487
0.060051 0.032452 0.336433
0.060051 0.032902 0.336883
0.060070 0.037802 0.336129
0.060070 0.038247 0.336574
0.060204 0.030541 0.335935
0.060204 0.030992 0.336386
0.060204 0.031443 0.336838
0.060224 0.036359 0.336099
0.060224 0.036805 0.336546
0.060231 0.042987 0.337074
0.060231 0.043429 0.337517
0.060378 0.034911 0.336065
0.060378 0.035359 0.336513
0.060387 0.041560 0.337061
0.060387 0.042003 0.337504
0.060533 0.033908 0.336475
0.060543 0.039684 0.336598
0.060543 0.040128 0.337043
0.060543 0.040572 0.337487
0.060687 0.032452 0.336433
0.060687 0.032902 0.336883
0.060699 0.038247 0.336574
0.060699 0.038692 0.337020
0.060842 0.030992 0.336386
0.060842 0.031443 0.336838
0.060855 0.036359 0.336099
0.060855 0.036805 0.336546
0.060855 0.037252 0.336993
0.060855 0.042987 0.337074
0.060855 0.043429 0.337517
0.061011 0.034911 0.336065
0.061011 0.035359 0.336513
0.061013 0.041560 0.337061
0.061013 0.042003 0.337504
0.061167 0.033908 0.336475
0.061171 0.039684 0.336598
0.061171 0.040128 0.337043
0.061171 0.040572 0.337487
0.061323 0.032452 0.336433
0.061323 0.032902 0.336883
0.061328 0.038247 0.336574
0.061328 0.038692 0.337020
0.061479 0.030992 0.336386
0.061479 0.031443 0.336838
0.061480 0.042987 0.337074
0.061480 0.043429 0.337517
0.061486 0.036359 0.336099
0.061486 0.036805 0.336546
0.061486 0.037252 0.336993
0.061639 0.041560 0.337061
0.061639 0.042003 0.337504
0.061644 0.034911 0.336065
0.061644 0.035359 0.336513
0.061799 0.039684 0.336598
0.061799 0.040128 0.337043
0.061799 0.040572 0.337487
0.061801 0.033908 0.336475
0.061958 0.038247 0.336574
0.061958 0.038692 0.337020
0.061959 0.032452 0.336433
0.061959 0.032902 0.336883
0.062105 0.042987 0.337074
0.062105 0.043429 0.337517
0.062117 0.030992 0.336386
0.062117 0.031443 0.336838
0.062117 0.036359 0.336099
0.062117 0.036805 0.336546
0.062117 0.037252 0.336993
0.062266 0.041560 0.337061
0.062266 0.042003 0.337504
0.062276 0.034911 0.336065
0.062276 0.035359 0.336513
0.062426 0.039240 0.336154
0.062426 0.039684 0.336598
0.062426 0.040128 0.337043
0.062426 0.040572 0.337487
0.062436 0.033908 0.336475
0.062587 0.037802 0.336129
0.062587 0.038247 0.336574
0.062595 0.032452 0.336433
0.062595 0.032902 0.336883
0.062729 0.042987 0.337074
0.062729 0.043429 0.337517
0.062748 0.036359 0.336099
0.062748 0.036805 0.336546
0.062754 0.030992 0.336386
0.062754 0.031443 0.336838
0.062892 0.041560 0.337061
0.062892 0.042003 0.337504
0.062909 0.034911 0.336065
0.062909 0.035359 0.336513
0.063054 0.039240 0.336154
0.063054 0.039684 0.336598
0.063054 0.040128 0.337043
0.063054 0.040572 0.337487
0.063070 0.033908 0.336475
0.063217 0.037802 0.336129
0.063217 0.038247 0.336574
0.063231 0.032452 0.336433
0.063231 0.032902 0.336883
0.063354 0.042987 0.337074
0.063354 0.043429 0.337517
0.063379 0.036359 0.336099
0.063379 0.036805 0.336546
0.063392 0.030541 0.335935
0.063392 0.030992 0.336386
0.063392 0.031443 0.336838
0.063518 0.041117 0.336617
0.063518 0.041560 0.337061
0.063518 0.042003 0.337504
0.063542 0.034911 0.336065
0.063542 0.035359 0.336513
0.063682 0.039240 0.336154
0.063682 0.039684 0.336598
0.063682 0.040128 0.337043
0.063704 0.033908 0.336475
0.063846 0.037802 0.336129
0.063846 0.038247 0.336574
0.063867 0.032002 0.335983
0.063867 0.032452 0.336433
0.063867 0.032902 0.336883
0.063978 0.042987 0.337074
0.063978 0.043429 0.337517
0.064010 0.036359 0.336099
0.064010 0.036805 0.336546
0.064029 0.030541 0.335935
0.064029 0.030992 0.336386
0.064144 0.041117 0.336617
0.064144 0.041560 0.337061
0.064144 0.042003 0.337504
0.064174 0.034911 0.336065
0.064174 0.035359 0.336513
0.064310 0.039240 0.336154
0.064310 0.039684 0.336598
0.064310 0.040128 0.337043
0.064339 0.033459 0.336026
0.064339 0.033908 0.336475
0.064476 0.037802 0.336129
0.064476 0.038247 0.336574
0.064503 0.032002 0.335983
0.064503 0.032452 0.336433
0.064603 0.042987 0.337074
0.064603 0.043429 0.337517
0.064641 0.036359 0.336099
0.064641 0.036805 0.336546
0.064667 0.030541 0.335935
0.064667 0.030992 0.336386
0.064770 0.041117 0.336617
0.064770 0.041560 0.337061
0.064770 0.042003 0.337504
0.064807 0.034911 0.336065
0.064807 0.035359 0.336513
0.064938 0.039240 0.336154
0.064938 0.039684 0.336598
0.064938 0.040128 0.337043
0.064973 0.033459 0.336026
0.064973 0.033908 0.336475
0.065105 0.037802 0.336129
0.065105 0.038247 0.336574
0.065139 0.032002 0.335983
0.065139 0.032452 0.336433
0.065228 0.042987 0.337074
0.065228 0.043429 0.337517
0.065272 0.036359 0.336099
0.065272 0.036805 0.336546
0.065304 0.030541 0.335935
0.065304 0.030992 0.336386
0.065397 0.041560 0.337061
0.065397 0.042003 0.337504
0.065440 0.034911 0.336065
0.065440 0.035359 0.336513
0.065566 0.039240 0.336154
0.065566 0.039684 0.336598
0.065566 0.040128 0.337043
0.065566 0.040572 0.337487
0.065607 0.033459 0.336026
0.065607 0.033908 0.336475
0.065735 0.037802 0.336129
0.065735 0.038247 0.336574
0.065775 0.032002 0.335983
0.065775 0.032452 0.336433
0.065852 0.042987 0.337074
0.065852 0.043429 0.337517
0.065904 0.036359 0.336099
0.065904 0.036805 0.336546
0.065942 0.030992 0.336386
0.066023 0.041560 0.337061
0.066023 0.042003 0.337504
0.066072 0.034911 0.336065
0.066072 0.035359 0.336513
0.066193 0.039240 0.336154
0.066193 0.039684 0.336598
0.066193 0.040128 0.337043
0.066193 0.040572 0.337487
0.066241 0.033459 0.336026
0.066241 0.033908 0.336475
0.066364 0.037802 0.336129
0.066364 0.038247 0.336574
0.066410 0.032002 0.335983
0.066410 0.032452 0.336433
0.066477 0.042987 0.337074
0.066477 0.043429 0.337517
0.066535 0.036359 0.336099
0.066535 0.036805 0.336546
0.066579 0.030992 0.336386
0.066649 0.041560 0.337061
0.066649 0.042003 0.337504
0.066705 0.034911 0.336065
0.066705 0.035359 0.336513
0.066821 0.039240 0.336154
0.066821 0.039684 0.336598
0.066821 0.040128 0.337043
0.066821 0.040572 0.337487
0.066876 0.033459 0.336026
0.066876 0.033908 0.336475
0.066993 0.037802 0.336129
0.066993 0.038247 0.336574
0.067046 0.032002 0.335983
0.067046 0.032452 0.336433
0.067101 0.042987 0.337074
0.067101 0.043429 0.337517
0.067166 0.036359 0.336099
0.067166 0.036805 0.336546
0.067217 0.030992 0.336386
0.067275 0.041560 0.337061
0.067275 0.042003 0.337504
